<?xml version="1.0"?>
<opencv_storage>
<calibrationDate>"Sun 03 Feb 2019 01:45:39 PM PST"</calibrationDate>
<framesCount>29</framesCount>
<cameraResolution>
  640 480</cameraResolution>
<cameraMatrix type_id="opencv-matrix">
  <rows>3</rows>
  <cols>3</cols>
  <dt>d</dt>
  <data>
    3.2113022686460079e+02 0. 3.0679742152499693e+02 0.
    3.2113022686460079e+02 2.4135862802879174e+02 0. 0. 1.</data></cameraMatrix>
<cameraMatrix_std_dev type_id="opencv-matrix">
  <rows>4</rows>
  <cols>1</cols>
  <dt>d</dt>
  <data>
    0. 6.7701687468407545e+00 1.0962957820983830e+00
    1.1383281203645417e+00</data></cameraMatrix_std_dev>
<dist_coeffs type_id="opencv-matrix">
  <rows>1</rows>
  <cols>5</cols>
  <dt>d</dt>
  <data>
    6.5891101737079871e-01 -9.8523282023843228e-01 0. 0.
    3.9644876269699908e-01</data></dist_coeffs>
<dist_coeffs_std_dev type_id="opencv-matrix">
  <rows>5</rows>
  <cols>1</cols>
  <dt>d</dt>
  <data>
    4.2715862793835345e-02 1.0072666454624427e-01 0. 0.
    5.8531982909958452e-02</data></dist_coeffs_std_dev>
<avg_reprojection_error>5.3023144024296009e-01</avg_reprojection_error>
</opencv_storage>
